19814
59897
21183
38567
13306
60159
16356
49771
9242
34240
9281
4117
43484
47899
52611
3705
48101
4841
7754
32323
52136
44258
32
23718
4426
9731
4168
34564
30167
27792
59286
47037
41071
27087
24472
58286
61207
45057
31660
44931
5955
49481
4700
43476
60940
45425
7618
46523
25050
50441
53285
65242
2081
46129
30631
30359
9970
37724
40917
10268
50419
20463
11699
14455
53212
42702
53675
40871
43835
32611
46480
10511
42064
27413
54113
5075
40269
30565
42608
24684
22474
38036
41920
65070
50308
7124
632
19553
41870
53984
14880
52362
7226
32715
19626
10578
11628
21244
32171
27945
26149
16129
47529
10097
2262
43591
22380
27976
62249
42600
27897
56787
38127
12092
360
49034
13580
37464
32705
46859
22430
31110
62556
44559
32405
41169
33044
5399
47832
48915
48352
29224
45301
54970
15175
1232
16016
2072
36854
27134
54941
7964
52472
31551
50974
49212
44637
60059
54472
7091
36773
16758
11524
65364
34076
15137
28267
38504
55561
58819
6222
108
296
23606
52301
33665
24486
17276
32531
41479
47904
56536
40820
60575
60960
29865
54208
30411
30563
9258
48179
19672
7263
19258
3384
57873
63006
17903
48514
56959
63635
49585
14317
63481
13837
44486
55656
7022
58769
11603
11402
23821
7161
43857
37024
14564
30507
24148
24010
11664
59463
12260
19661
47176
49269
17551
27784
2293
791
56419
20945
15967
23316
8631
22079
47665
28356
54383
41011
49871
27150
52252
40820
39376
40908
43522
34711
53761
64958
1906
53430
45840
36973
6937
45494
2981
35290
33577
64077
59743
42363
18723
24414
16511
37296
41034
47025
55301
24895
34860
27239
37439
18953
47856
22869
59860
61545
57885
24744
49283
45910
21956
28801
13092
21590
61569
46410
24132
39452
12316
63018
60548
19782
48530
38682
853
65209
417
43787
2258
11827
62366
29608
44465
41214
20633
7289
17834
29548
49144
36951
28349
53044
39485
61090
16744
19502
29944
27575
12478
9101
52928
43585
38433
18122
9429
51893
55593
36375
62676
20722
46417
63011
9554
28310
19592
58527
41714
26794
17448
46732
43657
29115
57629
13634
56996
1029
1200
44881
27976
12954
40322
17263
56461
35440
60462
52595
40915
34175
14563
60081
3583
43097
58250
47977
18940
40689
12965
40326
58189
56552
53911
51425
33767
51666
32638
55808
44085
36869
886
19674
60644
34201
14952
14617
2567
30860
40848
19353
10807
6717
32740
45276
31079
24575
969
4420
12224
2218
6778
48342
37843
65065
60900
305
37586
65501
61304
25456
52035
48230
4432
4396
11695
10233
11074
31271
35989
44439
30156
18241
59507
42500
1232
7616
59289
60651
7818
6107
37486
13316
36895
3819
5606
58123
56533
45367
21806
35516
32691
34556
31708
42573
56673
6264
28857
9023
58736
9120
2411
51196
29622
31725
40641
34836
64359
48067
12938
26083
58224
17741
45259
1706
48480
19203
4483
17559
27450
17902
48011
4935
42042
42081
42858
3135
41415
52812
26631
6851
9328
18465
39272
32460
18725
41319
53542
52914
43347
35829
15295
41957
6452
31674
43722
12745
42703
16356
13732
29682
42527
21725
19876
52134
970
7579
35666
33045
29715
39451
43345
29775
36718
39688
26105
31220
32165
24453
3187
6402
27643
11384
33642
10149
61082
60489
10454
46381
23003
40334
53666
46367
39165
5726
47072
31662
38439
60365
23708
41978
46775
39110
43459
54711
36829
63645
24317
53112
56874
61176
55366
28128
3924
31723
63630
17413
44129
18232
52241
63319
35803
56284
51096
32434
35820
52460
16854
49721
21359
61740
25743
56676
11131
58151
49860
30576
55552
19259
35235
42413
43966
59155
53775
34745
62903
14804
33312
3468
18484
47330
59284
62107
10790
48692
22467
7823
17112
39271
44495
2944
62567
34793
5719
8461
9963
57757
49074
52274
8323
19837
26702
31347
2873
47257
28945
5481
37036
9224
49452
36582
22685
13255
692
63288
23329
62511
17638
17316
48560
15459
327
48247
17362
52763
40358
13552
25805
11408
29864
64906
34828
43364
64378
36723
13805
21891
62305
28690
43715
4376
35825
49754
59898
34718
42052
33392
28756
22340
53675
60574
63895
17522
46703
4900
32960
11943
26195
64829
64913
31235
56896
48503
14279
62599
56215
64336
60253
34252
62446
17911
610
34748
41481
53315
46185
50519
59092
43686
18808
17775
5893
15273
13082
10602
54961
15355
20961
42797
7427
19803
64705
6167
19027
60677
43521
2356
60403
57321
41964
26936
10619
47699
46489
21302
6537
4750
12992
28712
22005
41078
43151
39136
13201
44837
10590
54451
32302
7225
51672
19184
43202
48603
6265
29850
2491
38886
10163
15524
9878
17810
1166
42533
52904
31288
65264
38083
1313
23857
6777
64408
38012
50382
63217
48289
54268
16229
57941
5775
18499
20794
64651
33475
40366
1910
2514
12686
11031
50443
62999
61982
294
6985
4990
50508
13042
18023
49984
53765
54080
2983
46252
5766
19395
54282
64349
24127
37984
57700
28655
34915
9484
58584
42358
35309
43153
25350
1626
18100
48780
40002
46394
2851
60106
56308
44525
14994
62643
29223
28798
32871
58935
21349
38903
17207
58346
42509
273
15482
47783
61058
13899
23558
6116
14018
24318
43033
29576
28286
55937
45077
8838
24777
28558
46232
25355
22686
48821
39631
25638
55076
44434
36236
58713
23389
17273
15454
34074
858
61399
37610
51698
61758
13033
38915
24293
39637
60097
43070
33701
5864
9486
10640
55676
49392
55929
4337
10678
10152
46602
32408
36711
48710
23334
25784
18204
39024
6847
42789
57799
3889
54552
41640
28403
22255
50399
16620
33647
11386
2794
3208
36750
1885
13201
30557
26799
64172
18412
16219
1983
14603
49710
37386
30585
15755
25977
61754
37951
61162
17080
37431
18930
50853
24049
55292
17749
34430
30215
61340
54182
22268
27776
32578
53024
7420
65491
48030
49136
21813
51442
16355
45343
3984
18720
20883
60995
35554
59184
7638
58344
6399
57252
16845
34667
5306
49728
3334
63006
56353
17714
21637
50423
37603
8894
194
50196
24554
52811
22756
43616
28576
322
13476
16318
7944
9043
62396
40342
50180
7469
20780
4297
53826
13323
51381
786
64380
41145
26982
12043
2579
61789
10235
49047
55376
13148
21072
64413
327
60813
57789
51247
58488
11218
32751
51020
53129
5976
65525
46892
43855
43863
26409
10048
18463
8363
61020
45852
21017
19447
24295
62202
